{
  "0.0": {
    "precision": 0.8386219401631912,
    "recall": 0.8989310009718173,
    "f1-score": 0.8677298311444653,
    "support": 2058.0
  },
  "1.0": {
    "precision": 0.9460300985988583,
    "recall": 0.9110444777611194,
    "f1-score": 0.9282077393075356,
    "support": 4002.0
  },
  "accuracy": 0.906930693069307,
  "macro avg": {
    "precision": 0.8923260193810247,
    "recall": 0.9049877393664684,
    "f1-score": 0.8979687852260005,
    "support": 6060.0
  },
  "weighted avg": {
    "precision": 0.9095538626152605,
    "recall": 0.906930693069307,
    "f1-score": 0.907669202178889,
    "support": 6060.0
  }
}