{
  "0.0": {
    "precision": 0.9428365193749022,
    "recall": 0.9970281788690287,
    "f1-score": 0.9691754056193115,
    "support": 393025.0
  },
  "1.0": {
    "precision": 0.9658249700090704,
    "recall": 0.5814821991650079,
    "f1-score": 0.7259192470091484,
    "support": 56767.0
  },
  "accuracy": 0.9445832740466704,
  "macro avg": {
    "precision": 0.9543307446919863,
    "recall": 0.7892551890170183,
    "f1-score": 0.8475473263142299,
    "support": 449792.0
  },
  "weighted avg": {
    "precision": 0.9457378279289669,
    "recall": 0.9445832740466704,
    "f1-score": 0.9384747209565716,
    "support": 449792.0
  }
}