{
  "0.0": {
    "precision": 0.9491432591327069,
    "recall": 0.4821610445303825,
    "f1-score": 0.63947254830601,
    "support": 391755.0
  },
  "1.0": {
    "precision": 0.19083403135096327,
    "recall": 0.8253946346933494,
    "f1-score": 0.30999595043330364,
    "support": 57965.0
  },
  "accuracy": 0.5264008716534733,
  "macro avg": {
    "precision": 0.5699886452418351,
    "recall": 0.653777839611866,
    "f1-score": 0.4747342493696568,
    "support": 449720.0
  },
  "weighted avg": {
    "precision": 0.8514037892661928,
    "recall": 0.5264008716534733,
    "f1-score": 0.5970058779429143,
    "support": 449720.0
  }
}