{
  "0.0": {
    "precision": 0.8086476540938362,
    "recall": 0.8851963746223565,
    "f1-score": 0.8451923076923077,
    "support": 1986.0
  },
  "1.0": {
    "precision": 0.9402202412165706,
    "recall": 0.8960519740129935,
    "f1-score": 0.9176049129989765,
    "support": 4002.0
  },
  "accuracy": 0.8924515698062793,
  "macro avg": {
    "precision": 0.8744339476552034,
    "recall": 0.890624174317675,
    "f1-score": 0.8813986103456422,
    "support": 5988.0
  },
  "weighted avg": {
    "precision": 0.8965824392750625,
    "recall": 0.8924515698062793,
    "f1-score": 0.8935883074313338,
    "support": 5988.0
  }
}