{
  "0.0": {
    "precision": 0.9490838222923513,
    "recall": 0.9243585013675975,
    "f1-score": 0.9365580018844796,
    "support": 393025.0
  },
  "1.0": {
    "precision": 0.55632331433006,
    "recall": 0.656666725386228,
    "f1-score": 0.6023446147382708,
    "support": 56767.0
  },
  "accuracy": 0.8905738652532726,
  "macro avg": {
    "precision": 0.7527035683112057,
    "recall": 0.7905126133769127,
    "f1-score": 0.7694513083113752,
    "support": 449792.0
  },
  "weighted avg": {
    "precision": 0.8995146086213759,
    "recall": 0.8905738652532726,
    "f1-score": 0.8943778578442814,
    "support": 449792.0
  }
}