{
  "0.0": {
    "precision": 0.9395363393437492,
    "recall": 0.9962195760105168,
    "f1-score": 0.9670480520848175,
    "support": 391755.0
  },
  "1.0": {
    "precision": 0.9568598893096417,
    "recall": 0.5667040455447253,
    "f1-score": 0.7118262094371309,
    "support": 57965.0
  },
  "accuracy": 0.9408587565596371,
  "macro avg": {
    "precision": 0.9481981143266955,
    "recall": 0.781461810777621,
    "f1-score": 0.8394371307609743,
    "support": 449720.0
  },
  "weighted avg": {
    "precision": 0.9417691943952768,
    "recall": 0.9408587565596371,
    "f1-score": 0.9341521744074334,
    "support": 449720.0
  }
}