{
  "0.0": {
    "precision": 0.782608695652174,
    "recall": 0.9096209912536443,
    "f1-score": 0.8413483146067415,
    "support": 2058.0
  },
  "1.0": {
    "precision": 0.9492911668484187,
    "recall": 0.8700649675162418,
    "f1-score": 0.9079530638852673,
    "support": 4002.0
  },
  "accuracy": 0.8834983498349835,
  "macro avg": {
    "precision": 0.8659499312502963,
    "recall": 0.8898429793849431,
    "f1-score": 0.8746506892460044,
    "support": 6060.0
  },
  "weighted avg": {
    "precision": 0.8926851395015752,
    "recall": 0.8834983498349835,
    "f1-score": 0.8853338272490947,
    "support": 6060.0
  }
}