{
  "0.0": {
    "precision": 0.9411362882292094,
    "recall": 0.984717489247106,
    "f1-score": 0.9624337772921134,
    "support": 391755.0
  },
  "1.0": {
    "precision": 0.8496635194857373,
    "recall": 0.5837488139394462,
    "f1-score": 0.6920410271093885,
    "support": 57965.0
  },
  "accuracy": 0.9330361113581784,
  "macro avg": {
    "precision": 0.8953999038574734,
    "recall": 0.7842331515932761,
    "f1-score": 0.8272374022007509,
    "support": 449720.0
  },
  "weighted avg": {
    "precision": 0.9293462432229491,
    "recall": 0.9330361113581784,
    "f1-score": 0.927582501466396,
    "support": 449720.0
  }
}